0 0.6573872679045093 0.7603095599996024 0.48057029177718824 0.7382350311447565 0.4717572944297085 0.8966709385151853 0.6485742705570294 0.9187454673700312
0 0.644883575883576 0.4592429940744548 0.48119750519750526 0.4535401434277839 0.4797328482328483 0.5478925771060603 0.643418918918919 0.5535954277527313
0 0.15567904509283825 0.7523400788801797 0.13573740053050407 0.7032595197647502 0.06179575596816978 0.7706871715395541 0.08173740053050399 0.8197677306549838
0 0.43816992433795704 0.441751562123638 0.43559268600252193 0.3992802187681539 0.35115069356872647 0.4107806603662194 0.3537279319041615 0.4532520037217035
0 0.7048076923076922 0.3802938634399308 0.5778846153846154 0.3802938634399308 0.5778846153846154 0.4292711034284069 0.7048076923076922 0.4292711034284069
0 0.6050966124495537 0.38210308534168425 0.6027332762626881 0.33784585337790884 0.47275742937507653 0.35342348296743525 0.47512076556194216 0.39768071493121065
0 0.7003102322206096 0.320626973902361 0.6071752539912919 0.3145605366296485 0.6063860667634254 0.3417535047808528 0.6995210449927431 0.34781994205356537
0 0.6307692307692307 0.316911552866609 0.6307692307692307 0.2881014116969173 0.560576923076923 0.28810141169691744 0.560576923076923 0.31691155286660916
0 0.4976179081099897 0.324149937882207 0.44270579533588594 0.3202325408589074 0.4418660807518275 0.3466505277731066 0.49677819352593117 0.35056792479640625
0 0.4328585998935729 0.3929993349972797 0.43245026015491034 0.36180034372867886 0.3642638059480873 0.36380332395066084 0.3646721456867499 0.3950023152192617
0 0.3884550851832731 0.35479012102192875 0.38531879194630875 0.3281649100214821 0.3271199019101704 0.34355126561596655 0.33025619514713467 0.3701764766164132