0 0.6032837567159512 0.9467491600694629 0.5960759923794894 0.7875230933639817 0.4310598402102418 0.8009128337353404 0.4382676045467037 0.9601389004408214
0 0.8223357457073935 0.7151847629904059 0.7006084149283383 0.64999525030873 0.6705424294025826 0.7506293340932839 0.7922697601816377 0.8158188467749599
0 0.929253646664312 0.5047693007320526 0.7418098064449776 0.48651781937034994 0.7384943495141164 0.5475523674157498 0.9259381897334508 0.5658038487774525
0 0.5761252732366614 0.44610838605964453 0.46227666430631253 0.4384871155444721 0.46000931313691085 0.49919965925406856 0.5738579220672597 0.506820929769241
0 0.39008523049042926 0.5060245911997373 0.3131607014761962 0.4751276316122022 0.2986842602031187 0.5397332372937044 0.3756087892173518 0.5706301968812395
0 0.870726495726496 0.4121635939817762 0.784465020576132 0.39772727272727254 0.7819127888572335 0.42506357279084517 0.8681742640075976 0.4394998940453488
0 0.4886831275720162 0.35468319559228656 0.4359567901234566 0.35468319559228645 0.4359567901234566 0.38223140495867763 0.4886831275720162 0.38223140495867775
0 0.7646410823821724 0.32274936327251963 0.6460856821181767 0.27739877332501695 0.6383696327354607 0.3135557981184054 0.7569250329994565 0.3589063880659081
0 0.47196502057613154 0.2789256198347108 0.38580246913580246 0.2789256198347108 0.38580246913580246 0.29958677685950424 0.47196502057613154 0.29958677685950424
0 0.5395554856514154 0.16267736448681808 0.32441789606774013 0.1515990779284724 0.32349470552121135 0.1837352645564007 0.5386322951048866 0.19481355111474638
0 0.3244200559837897 0.21998363888073172 0.3233559984124 0.20003915481534315 0.25545215266027443 0.20653291102068208 0.2565162102316642 0.22647739508607065