0 1.0079005014117908 0.6249951153939336 0.6554979451160079 0.6008992141087521 0.6473047860207598 0.9796052345113332 0.9997073423165427 1.0037011357965147
0 0.601551315540246 0.6501105562497441 0.2834429800411423 0.6251608828772653 0.27521231890122766 0.9568260428856772 0.5933206544003313 0.981775716258156
0 0.17845371800446858 0.6609139271677322 0.12822279536355316 0.5099553871675211 -0.015255639360814156 0.6608435063142737 0.03497528328010124 0.8118020463144848
0 0.7715965646887221 0.29743480550979895 0.7603506356331812 0.1983402422377865 0.5431002678335659 0.2762624014485646 0.5543461968891067 0.37535696472057706
0 0.5063121578906792 0.47150929688899007 0.4402077344699347 0.46604329805316647 0.43891180325341145 0.515576668995835 0.5050162266741559 0.5210426678316585
0 0.6067888351783721 0.4963206157339426 0.5982881835029888 0.4392298192968014 0.5355334939149465 0.4687614379264687 0.5440341455903298 0.5258522343636098
0 0.9948979591836736 0.5850340136054423 0.9923469387755104 0.3356009070294785 0.8760433948860442 0.33936021349863293 0.8785944152942075 0.5887933200745968
0 0.8301991150442477 0.4576151011043552 0.8262672325567395 0.3527649014374681 0.6928466076696164 0.36857771623890473 0.6967784901571246 0.47342791590579186
0 0.40176070428171273 0.40949713218620776 0.3941576630652261 0.3554310613134143 0.33413365346138446 0.38210839891512166 0.3417366946778711 0.4361744697879152
0 0.9460114234372995 0.21877094653375112 0.8125882428443078 0.1510004421055627 0.7977313566936207 0.24344328926539074 0.9311545372866125 0.31121379369357915
0 0.5918367346938777 0.18291761148904018 0.4744897959183675 0.18291761148904018 0.4744897959183675 0.24792139077853373 0.5918367346938777 0.24792139077853373
0 0.53304533492229 0.40987360069737544 0.5301032821887879 0.36454419561823104 0.46384130294453546 0.378136396488847 0.4667833556780376 0.42346580156799135
0 0.18406913238481507 0.48154824495518495 0.18081396596493482 0.43332355725325516 0.1108687954677139 0.44824519362599563 0.11412396188759415 0.49646988132792547
0 0.07413055493009643 0.44961035790667553 0.06893640103985425 0.40190109254445117 -0.0007062002333530867 0.42586413814383434 0.00448795365688908 0.4735734035060587
0 0.2902992277992278 0.4003799718085434 0.23606591285162715 0.38515658515658535 0.2316602316602317 0.4347612919041491 0.28589354660783234 0.44998467855610713