0 0.0904332904332905 0.472123225611598 0.021964821964822048 0.45146481425551205 0.015158015158015218 0.5520990637269706 0.08362648362648367 0.5727574750830565
0 0.3005948985151758 0.5333095021539664 0.2959633791522873 0.4153140801401654 0.09684270516159599 0.4501785748007183 0.1014742245244845 0.5681739968145193
0 0.37896488234562387 0.30762638002901105 0.30403484122299695 0.2881487124846287 0.2943592428320803 0.4541859697558159 0.36928928395470717 0.4736636373001983
0 0.38737857231007916 0.589349325411766 0.3239736801380637 0.5284791665804729 0.30886561708479515 0.5986789572326368 0.3722705092568106 0.65954911606393
0 0.49571785746151403 0.5481501597462928 0.39468039468039473 0.5209906372697073 0.39050738627836873 0.5902403946388756 0.49154484905948803 0.6173999171154612
0 0.5667787941626574 0.832610273674697 0.504194379500003 0.8127830547799844 0.49595526368142473 0.9287925925214829 0.5585396783440792 0.9486198114161957
0 0.6362730335333074 0.9474358072637776 0.629722753010424 0.8881449865839797 0.5755213289459864 0.914856090071127 0.5820716094688698 0.974146910750925
0 0.685685685685686 0.7746904258532172 0.6342056342056346 0.7746904258532166 0.6342056342056341 0.9226819691935969 0.6856856856856857 0.9226819691935975
0 0.8843187095486702 0.47490525548772006 0.8221775370264199 0.3367522982167118 0.7878650191396578 0.4055985880696337 0.850006191661908 0.543751545340642
0 1 0.9755360918151617 0.994896172102826 0.8628408644527056 0.9673933422622172 0.8683970478724765 0.9724971701593912 0.9810922752349326
0 0.9420930716364083 0.8647443932127172 0.890383793459283 0.8408541327546942 0.8821043117408451 0.9207932664227775 0.9338135899179705 0.9446835268808005
0 0.774591970468259 0.5817347361341608 0.771626560286354 0.517016069521464 0.7162597059504278 0.5283326120055919 0.7192251161323328 0.5930512786182888
0 0.075845907080164 0.2885542200755137 0.06965403690844503 0.2471419974788262 0.03926740702559345 0.2674087672037411 0.04545927719731243 0.3088209898004286
0 0.12915112915112917 0.26782519805775623 0.11766711766711763 0.22537927189089976 0.09903309903309901 0.24786841065910842 0.11051711051711054 0.29031433682596486