0 0.5971474207097328 0.7735563905892209 0.5859063294179933 0.50071039744547 0.26836880483632247 0.5284567986108814 0.2796098961280619 0.8013027917546324
0 0.7507201406553616 0.9955262885476284 0.7495752849264772 0.8571412273974688 0.5766507167316197 0.8601753907842726 0.5777955724605042 0.9985604519344321
0 0.1184678067415738 0.7535423203316644 0.008881014648873135 0.7431790256107106 -0.002430091638762341 0.9968589853603486 0.10715670045393831 1.0072222800813024
0 0.18196143307656515 0.5418179992972949 0.12734046769718607 0.4111348692465996 -0.019310344827586156 0.541135371179039 0.03531062055179292 0.6718185012297343
0 0.8317990105204467 0.31224840313871655 0.6924034126895422 0.29840706772487974 0.689264622187621 0.36545017081831904 0.8286602200185254 0.3792915062321559
0 0.7739766072020169 0.2642245228399 0.7697701710942281 0.19224441064390035 0.5461830882311652 0.21995649542874884 0.550389524338954 0.2919366076247485
0 0.9997499322813537 0.2722080627222829 0.8789868751052384 0.26732275467179334 0.8750998440640897 0.4711118144099193 0.9958629012402049 0.4759971224604088
0 0.6086956521739131 0.4250363901018921 0.6086956521739131 0.3755458515283842 0.5327336331834082 0.3755458515283844 0.5327336331834082 0.42503639010189226
0 0.18449583498406227 0.3881145779125281 0.17769871540913476 0.3504989026404508 0.11177312897955165 0.37576456923923934 0.11857024855447917 0.41338024451131666
0 0.3978010994502749 0.2969432314410481 0.34366242293218047 0.29279355352360725 0.34140388369351243 0.3552880246407231 0.39554256021160694 0.359437702558164
0 0.49461211886069734 0.414098432319061 0.4935663158835917 0.37602252698448135 0.4339315965020685 0.37949644469867133 0.43497739947917413 0.41757235003325105
0 0.3052473763118441 0.49752547307132444 0.2916541729135431 0.45793304221251796 0.21729135432283858 0.5120815138282389 0.23088455772113955 0.5516739446870453
0 0.29026865877406116 0.3580284093760979 0.2882145134329386 0.3221302012749083 0.2249358079580899 0.3298097676052803 0.22698995329921245 0.36570797570646985
0 0.2908545727136432 0.2983988355167395 0.28917248692726805 0.27635175915077936 0.2414524445094526 0.28407356125963 0.2431345302958277 0.3061206376255902
0 0.08054662844899964 0.350837247331698 0.07299372983533418 0.31600541176729396 -0.002059423688659459 0.350521927557115 0.005493474925005997 0.38535376312151903
0 0.5995771345096682 0.16737207479565538 0.47914504286318377 0.1454484380248575 0.47503940337523554 0.19328182734296293 0.5954714950217199 0.2152054641137608
0 0.8955522238880559 0.1542940320232899 0.7966016991504247 0.15429403202328973 0.7966016991504247 0.21688500727802038 0.8955522238880559 0.21688500727802051
0 0.5307346326836582 0.3085880640465794 0.46476761619190415 0.3085880640465794 0.46476761619190415 0.3435225618631733 0.5307346326836582 0.3435225618631733
0 0.7566216891554222 0.08005822416302776 0.5937031484257873 0.08005822416302774 0.5937031484257873 0.1470160116448327 0.7566216891554222 0.1470160116448327
0 0.6830670079947937 0.16495595067601718 0.6811566013930985 0.14061182288312804 0.5876256070192141 0.15617892787311732 0.5895360136209092 0.18052305566600646
0 0.7538332744455798 0.17920618585375375 0.7040428830170904 0.13965454899452065 0.6926982368688269 0.1699440936778571 0.7424886282973162 0.2094957305370902
0 0.5126359896974589 0.26471839659612595 0.4613385614884867 0.2553801366028442 0.4591550378656827 0.28081961706415864 0.5104524660746549 0.2901578770574405